add	16	5	6	5	11	5	000000ssssstttttddddd00000100000
addi	11	5	6	5	16	16	001000ssssstttttiiiiiiiiiiiiiiii
addiu	11	5	6	5	16	16	001001ssssstttttiiiiiiiiiiiiiiii
addu	16	5	6	5	11	5	000000ssssstttttddddd00000100001
and	16	5	6	5	11	5	000000ssssstttttddddd00000100100
andi	11	5	6	5	16	16	001100ssssstttttiiiiiiiiiiiiiiii
div	6	5	11	5	0	0	000000sssssttttt0000000000011010
divu	6	5	11	5	0	0	000000sssssttttt0000000000011011
lui	11	5	16	16	0	0	00111100000tttttiiiiiiiiiiiiiiii
mfhi	16	5	0	0	0	0	0000000000000000ddddd00000010000
mflo	16	5	0	0	0	0	0000000000000000ddddd00000010010
mthi	6	5	0	0	0	0	0000?00sssss000000000000000010011?
mtlo	6	5	0	0	0	0	0000?00sssss000000000000000010001?
mult	6	5	11	5	0	0	000000sssssttttt0000000000011000
multu	6	5	11	5	0	0	000000sssssttttt0000000000011001
nor	16	5	6	5	11	5	000000ssssstttttddddd00000100111
or 	16	5	6	5	11	5	000000ssssstttttddddd00000100101
ori	11	5	6	5	16	16	001101ssssstttttiiiiiiiiiiiiiiii
sll	16	5	11	5	21	5	00000000000tttttdddddhhhhh000000
sllv	16	5	11	5	6	5	000000ssssstttttddddd00000000100
slt	16	5	6	5	11	5	000000ssssstttttddddd00000101010
slti	11	5	6	5	16	16	001010ssssstttttiiiiiiiiiiiiiiii
sltiu	11	5	6	5	16	16	001011ssssstttttiiiiiiiiiiiiiiii
sltu	16	5	6	5	11	5	000000ssssstttttddddd00000101011
sra	16	5	11	5	21	5	00000000000tttttdddddhhhhh000011
srav	16	5	11	5	6	5	000000ssssstttttddddd00000000100
srl	16	5	11	5	21	5	00000000000tttttdddddhhhhh000010
srlv	16	5	11	5	6	5	000000ssssstttttddddd00000000110
sub	16	5	6	5	11	5	000000ssssstttttddddd00000100010
subu	16	5	6	5	11	5	000000ssssstttttddddd00000100011
xor	16	5	6	5	11	5	000000ssssstttttddddd00000100110
xori	11	5	6	5	16	16	001110ssssstttttiiiiiiiiiiiiiiii
